0.007780949003063142
0.015138184986426495
0.05477082000288647
0.056670195001061074
0.08504661699407734
0.09756795300927479
0.1299023710016627
0.17651526600820944
0.22338840100564994
0.2786160530085908
0.013100454001687467
0.042072362994076684
0.09295654699963052
0.16016665899951477
0.2522292180074146
0.36642490299709607
0.5165840499976184
0.6678365669940831
0.8672264719934901
1.0915571419900516
0.022506391993374564
0.08393802300270181
0.20080608301213942
0.35405015900323633
0.5682636830024421
0.8359093689941801
1.2144449640036328
1.530701808995218
1.9289764650020516
2.3471925429912517
0.03240704600466415
0.13909074499679264
0.3517892660020152
0.6538219079957344
1.0180063040024834
1.52589023100154
2.4013402630080236
2.9773903229943244
3.4677988839976024
4.187158144995919
0.05160312399675604
0.22487328499846626
0.5269504869938828
0.9768367360084085
1.56876814601128
2.302532399990014
3.282984248988214
4.193044989006012
5.384238678001566
7.199059079997824
0.06728749300236814
0.31083614799717907
0.7704612509987783
1.4391126069967868
2.4405755100015085
3.4315885919932043
4.785994459001813
6.671184111997718
10.135953598990454
12.346051018990693
0.09061435899639037
0.43388206299277954
1.0447317070065765
1.916736883998965
3.0534308619971853
4.474331912002526
6.369432407998829
8.690843058007886
10.77971165299823
15.75779056000465
0.12148270499892533
0.5643517820135457
1.3064228250004817
2.458569769994938
3.9841686629952164
5.9619549159979215
8.428232006001053
11.404808630002663
14.408686440001475
17.705180285993265
0.14103692400385626
0.6665935089986306
1.6339244420087198
3.0626887660037028
4.927995178004494
7.373557939994498
10.428286738999304
13.663666505992296
17.852434209999046
23.69590451399563
0.17596440699708182
0.8067560329945991
2.0385541440045927
3.7397488669957966
6.008106234003208
8.905737103006686
12.412416574996314
16.695393842994235
21.701996401010547
27.355485933992895