0.007131466991268098
0.0065625340066617355
0.006441969992010854
0.011203524001757614
0.006588090996956453
0.007066272999509238
0.007436189000145532
0.007251922012073919
0.006049067000276409
0.007630387000972405
0.12402626100811176
0.007265106003615074
0.010000192996812984
0.009596242001862265
0.007102080999175087
0.006632763994275592
0.006665405991952866
0.006873788996017538
0.007406315999105573
0.0087727670033928
0.12201896599435713
0.13551933100097813
0.007183729001553729
0.0064237070037052035
0.00565904300310649
0.006088212991016917
0.005849138993653469
0.006761130993254483
0.006478401992353611
0.006236454995814711
0.12974477199895773
0.1184896720078541
0.11900140500802081
0.0055702390091028064
0.006712419999530539
0.005760590996942483
0.006071940006222576
0.006033876998117194
0.005843117003678344
0.0055511870014015585
0.11836334600229748
0.11858150700572878
0.11691335499926936
0.11510458801058121
0.008933976001571864
0.0065667419985402375
0.007899888005340472
0.006454792004660703
0.005718404994695447
0.007973868006956764
0.1168173259939067
0.1183798590063816
0.11712741501105484
0.11442784500832204
0.11610165900492575
0.006977127995924093
0.005898192001041025
0.0060079539980506524
0.006138901997474022
0.008081769992713816
0.11548300200956874
0.11944337199383881
0.12216016599268187
0.11948730298900045
0.11822167900390923
0.11627966800006106
0.007547687011538073
0.007604850005009212
0.0055405530001735315
0.006264594994718209
0.11578726999869104
0.11760275400592946
0.12135196400049608
0.12141442399297375
0.1161769180034753
0.11729169099999126
0.11525208200328052
0.007283675004146062
0.006013371006702073
0.006484464000095613
0.11703262200171594
0.11929831700399518
0.11555990800843574
0.11454220999439713
0.11550218000775203
0.11867563000123482
0.11895587100298144
0.1179780730017228
0.005634834000375122
0.0073537459975341335
0.11458431600476615
0.11751195500255562
0.12335730400809553
0.1160317090107128
0.1485607840004377
0.17295558100158814
0.16146572500292677
0.13776299500023015
0.12734896599431522
0.006782359996577725