0.0030534319957951084
0.01164324299315922
0.04238811299728695
0.016250800996203907
0.023525527998572215
0.035697426996193826
0.045638742987648584
0.05836823600111529
0.07179946999531239
0.0914883609948447
0.004403354992973618
0.013349353990633972
0.03048458400007803
0.057907708993298
0.0823746609967202
0.11850626299565192
0.16380728399963118
0.21539162799308542
0.27077607400133274
0.3272551120026037
0.007794645003741607
0.02609091300109867
0.0634284440020565
0.12321053599589504
0.1983973780006636
0.2659521419991506
0.3548683810076909
0.4663268260046607
0.5597941129963147
0.6623817049985519
0.01627670599555131
0.04917777299124282
0.11827857200114522
0.21389147099398542
0.3442595429951325
0.4506314080063021
0.6764497959957225
0.8378042830008781
0.9766459200036479
1.314216964005027
0.018041321003693156
0.0732580850017257
0.17503689898876473
0.2843146220111521
0.46285104799608234
0.7499658629967598
1.100365263002459
1.1827527620043838
1.5614601139968727
1.742983156000264
0.028528232011012733
0.10235586400085595
0.24290292299701832
0.42487723600061145
0.6239956479985267
0.9202748770039761
1.3038855720078573
1.670364571007667
2.2398171370005002
2.744666971004335
0.03608237000298686
0.12968825100688264
0.3026036820083391
0.6118772180052474
1.0104613579896977
1.4046685179928318
1.8982606299978215
3.236026597995078
3.2955176969990134
4.415234813001007
0.03936327800329309
0.18742755100538488
0.47475984299671836
0.8814408109901706
1.2728939700027695
1.8477733289910248
2.5762031379999826
3.3394323229877045
4.226509910004097
5.576533379993634
0.05235972598893568
0.25576538100722246
0.5332203609868884
0.8898426709929481
1.5813915110047674
2.252307283997652
3.227255021003657
3.8804101279965835
5.099671301009948
6.518035222004983
0.06289804799598642
0.2629798039997695
0.6778157849912532
1.1502267500036396
1.9306123899878003
3.1316120190022048
4.36824350101233
5.138080687000183
6.391999069994199
8.308829606001382