0.1643475809978554
0.14660006600024644
0.17054176700185053
0.229950563996681
0.28304904499964323
0.27687734000210185
0.31735870501142927
0.37323647999437526
0.4557484580000164
0.4992463890084764
0.17020171700278297
0.09516396799881477
0.21382293199712876
0.2388997320085764
0.35391510199406184
0.4216175799956545
0.5043651669984683
0.5776242849970004
0.6454982150025899
0.6888590689923149
0.1633739030075958
0.16574038298858795
0.11483479499293026
0.21631333899858873
0.3423821659962414
0.4582156240066979
0.5609933789964998
0.6683819320023758
0.7847298490087269
0.9200745759881102
0.22379761999764014
0.2924157029920025
0.2278188989876071
0.14049727999372408
0.23566424399905372
0.41360024399182294
0.5702983710070839
0.6996490769961383
0.8666532400093274
1.0286310319934273
0.268808031003573
0.3153366070037009
0.3467967649921775
0.3019644179876195
0.1019850759912515
0.32088933400518727
0.5091498830006458
0.7466257170017343
0.8241890130011598
0.9996072789945174
0.3050608729972737
0.4440334249957232
0.48086837799928617
0.4069796850089915
0.3050311260012677
0.12254002499685157
0.31748314200376626
0.5465502419974655
0.7937481340049999
1.0521959210018395
0.35017858499486465
0.5277803579956526
0.5386298749945126
0.597623723995639
0.5130786889931187
0.3422981010080548
0.10160450600960758
0.3595100569946226
0.6096211380063323
0.9019981350138551
0.3645011469925521
0.558790698996745
0.6597493139997823
0.7070911479968345
0.6500077209930168
0.5986066189943813
0.38171300300746225
0.12847575300838798
0.3980417910061078
0.7287794570002006
0.4493609470082447
0.6374040639930172
0.7925051619968144
0.8494694029941456
0.8321387790056178
0.7553852260025451
0.6592592250090092
0.4208307459921343
0.1336470070091309
0.4614760149997892
0.48190977799822576
0.7231475239968859
0.9295486119954148
0.9780139650101773
1.0763816489925375
1.0258938259939896
0.8920307950029382
0.7415598739898996
0.5087644870072836
0.1233114610076882