0.01026079899747856
0.007782404980389401
0.007820535014616325
0.008855560008669272
0.008745684986934066
0.00851786500425078
0.008267873985460028
0.008964884997112677
0.011272048985119909
0.012286709010368213
0.013705335994018242
0.009752334008226171
0.01093154601403512
0.01248083298560232
0.010957304999465123
0.008798469003522769
0.01001430198084563
0.016980471002170816
0.017210463003721088
0.01622720598243177
0.008863604976795614
0.015375857998151332
0.014454981981543824
0.019262892979895696
0.015304038010071963